  2.000000E-02   8.141868E+03   8.141868E+03   8.141868E+03   7.841868E+03
  4.000000E-02   1.533266E+04   1.533266E+04   1.533266E+04   1.503265E+04
  6.000000E-02   1.701788E+04   1.701788E+04   1.701788E+04   1.671783E+04
  8.000000E-02   1.741455E+04   1.741455E+04   1.741455E+04   1.711442E+04
  1.000000E-01   1.751146E+04   1.751146E+04   1.751146E+04   1.721119E+04
  1.200000E-01   1.754003E+04   1.754003E+04   1.754003E+04   1.723960E+04
  1.400000E-01   1.755506E+04   1.755506E+04   1.755506E+04   1.725439E+04
  1.600000E-01   1.756857E+04   1.756857E+04   1.756857E+04   1.726761E+04
  1.800000E-01   1.758500E+04   1.758500E+04   1.758500E+04   1.728365E+04
  2.000000E-01   1.760544E+04   1.760544E+04   1.760544E+04   1.730362E+04
  2.200000E-01   1.762922E+04   1.762922E+04   1.762922E+04   1.732692E+04
  2.400000E-01   1.765585E+04   1.765585E+04   1.765585E+04   1.735297E+04
  2.600000E-01   1.768635E+04   1.768635E+04   1.768635E+04   1.738280E+04
  2.800000E-01   1.772019E+04   1.772019E+04   1.772019E+04   1.741594E+04
  3.000000E-01   1.775648E+04   1.775648E+04   1.775648E+04   1.745143E+04
  3.200000E-01   1.779694E+04   1.779694E+04   1.779694E+04   1.749106E+04
  3.400000E-01   1.783926E+04   1.783926E+04   1.783926E+04   1.753251E+04
  3.600000E-01   1.788486E+04   1.788486E+04   1.788486E+04   1.757715E+04
  3.800000E-01   1.793308E+04   1.793308E+04   1.793308E+04   1.762439E+04
  4.000000E-01   1.798300E+04   1.798300E+04   1.798300E+04   1.767328E+04
  4.200000E-01   1.803536E+04   1.803536E+04   1.803536E+04   1.772457E+04
  4.400000E-01   1.808888E+04   1.808888E+04   1.808888E+04   1.777700E+04
  4.600000E-01   1.814446E+04   1.814446E+04   1.814446E+04   1.783146E+04
  4.800000E-01   1.820225E+04   1.820225E+04   1.820225E+04   1.788811E+04
  5.000000E-01   1.826090E+04   1.826090E+04   1.826090E+04   1.794553E+04
  5.200000E-01   1.832089E+04   1.832089E+04   1.832089E+04   1.800431E+04
  5.400000E-01   1.838307E+04   1.838307E+04   1.838307E+04   1.806525E+04
  5.600000E-01   1.844503E+04   1.844503E+04   1.844503E+04   1.812593E+04
  5.800000E-01   1.850908E+04   1.850908E+04   1.850908E+04   1.818872E+04
  6.000000E-01   1.857368E+04   1.857368E+04   1.857368E+04   1.825202E+04
  6.200000E-01   1.863874E+04   1.863874E+04   1.863874E+04   1.831575E+04
  6.400000E-01   1.870564E+04   1.870564E+04   1.870564E+04   1.838134E+04
  6.600000E-01   1.877278E+04   1.877278E+04   1.877278E+04   1.844713E+04
  6.800000E-01   1.884052E+04   1.884052E+04   1.884052E+04   1.851350E+04
  7.000000E-01   1.890843E+04   1.890843E+04   1.890843E+04   1.858003E+04
  7.200000E-01   1.897724E+04   1.897724E+04   1.897724E+04   1.864746E+04
  7.400000E-01   1.904612E+04   1.904612E+04   1.904612E+04   1.871497E+04
  7.600000E-01   1.911659E+04   1.911659E+04   1.911659E+04   1.878405E+04
  7.800000E-01   1.918637E+04   1.918637E+04   1.918637E+04   1.885243E+04
  8.000000E-01   1.925713E+04   1.925713E+04   1.925713E+04   1.892175E+04
  8.200000E-01   1.932791E+04   1.932791E+04   1.932791E+04   1.899111E+04
  8.400000E-01   1.939919E+04   1.939919E+04   1.939919E+04   1.906098E+04
  8.600000E-01   1.947030E+04   1.947030E+04   1.947030E+04   1.913067E+04
  8.800000E-01   1.954172E+04   1.954172E+04   1.954172E+04   1.920065E+04
  9.000000E-01   1.961362E+04   1.961362E+04   1.961362E+04   1.927110E+04
  9.200000E-01   1.968574E+04   1.968574E+04   1.968574E+04   1.934180E+04
  9.400000E-01   1.975855E+04   1.975855E+04   1.975855E+04   1.941318E+04
  9.600000E-01   1.983129E+04   1.983129E+04   1.983129E+04   1.948446E+04
  9.800000E-01   1.990324E+04   1.990324E+04   1.990324E+04   1.955496E+04
  1.000000E+00   1.997573E+04   1.997573E+04   1.997573E+04   1.962600E+04
  1.020000E+00   2.004863E+04   2.004863E+04   2.004863E+04   1.969746E+04
  1.040000E+00   2.012134E+04   2.012134E+04   2.012134E+04   1.976870E+04
  1.060000E+00   2.019417E+04   2.019417E+04   2.019417E+04   1.984007E+04
  1.080000E+00   2.026742E+04   2.026742E+04   2.026742E+04   1.991189E+04
  1.100000E+00   2.034051E+04   2.034051E+04   2.034051E+04   1.998350E+04
  1.120000E+00   2.041437E+04   2.041437E+04   2.041437E+04   2.005589E+04
  1.140000E+00   2.048662E+04   2.048662E+04   2.048662E+04   2.012669E+04
  1.160000E+00   2.056010E+04   2.056010E+04   2.056010E+04   2.019871E+04
  1.180000E+00   2.063309E+04   2.063309E+04   2.063309E+04   2.027025E+04
  1.200000E+00   2.070591E+04   2.070591E+04   2.070591E+04   2.034159E+04
  1.220000E+00   2.077895E+04   2.077895E+04   2.077895E+04   2.041317E+04
  1.240000E+00   2.085183E+04   2.085183E+04   2.085183E+04   2.048461E+04
  1.260000E+00   2.092547E+04   2.092547E+04   2.092547E+04   2.055678E+04
  1.280000E+00   2.099853E+04   2.099853E+04   2.099853E+04   2.062837E+04
  1.300000E+00   2.107233E+04   2.107233E+04   2.107233E+04   2.070070E+04
  1.320000E+00   2.114492E+04   2.114492E+04   2.114492E+04   2.077184E+04
  1.340000E+00   2.121774E+04   2.121774E+04   2.121774E+04   2.084320E+04
  1.360000E+00   2.129060E+04   2.129060E+04   2.129060E+04   2.091460E+04
  1.380000E+00   2.136437E+04   2.136437E+04   2.136437E+04   2.098690E+04
  1.400000E+00   2.143756E+04   2.143756E+04   2.143756E+04   2.105862E+04
  1.420000E+00   2.151087E+04   2.151087E+04   2.151087E+04   2.113050E+04
  1.440000E+00   2.158386E+04   2.158386E+04   2.158386E+04   2.120202E+04
  1.460000E+00   2.165694E+04   2.165694E+04   2.165694E+04   2.127363E+04
  1.480000E+00   2.172931E+04   2.172931E+04   2.172931E+04   2.134457E+04
  1.500000E+00   2.180265E+04   2.180265E+04   2.180265E+04   2.141643E+04
  1.520000E+00   2.187594E+04   2.187594E+04   2.187594E+04   2.148826E+04
  1.540000E+00   2.194859E+04   2.194859E+04   2.194859E+04   2.155946E+04
  1.560000E+00   2.202091E+04   2.202091E+04   2.202091E+04   2.163033E+04
  1.580000E+00   2.209405E+04   2.209405E+04   2.209405E+04   2.170199E+04
  1.600000E+00   2.216691E+04   2.216691E+04   2.216691E+04   2.177342E+04
  1.620000E+00   2.223933E+04   2.223933E+04   2.223933E+04   2.184438E+04
  1.640000E+00   2.231240E+04   2.231240E+04   2.231240E+04   2.191597E+04
  1.660000E+00   2.238493E+04   2.238493E+04   2.238493E+04   2.198708E+04
  1.680000E+00   2.245776E+04   2.245776E+04   2.245776E+04   2.205844E+04
  1.700000E+00   2.253009E+04   2.253009E+04   2.253009E+04   2.212932E+04
  1.720000E+00   2.260314E+04   2.260314E+04   2.260314E+04   2.220092E+04
  1.740000E+00   2.267522E+04   2.267522E+04   2.267522E+04   2.227157E+04
  1.760000E+00   2.274777E+04   2.274777E+04   2.274777E+04   2.234267E+04
  1.780000E+00   2.282006E+04   2.282006E+04   2.282006E+04   2.241350E+04
  1.800000E+00   2.289155E+04   2.289155E+04   2.289155E+04   2.248355E+04
  1.820000E+00   2.296441E+04   2.296441E+04   2.296441E+04   2.255497E+04
  1.840000E+00   2.303657E+04   2.303657E+04   2.303657E+04   2.262567E+04
  1.860000E+00   2.310897E+04   2.310897E+04   2.310897E+04   2.269661E+04
  1.880000E+00   2.318087E+04   2.318087E+04   2.318087E+04   2.276708E+04
  1.900000E+00   2.325305E+04   2.325305E+04   2.325305E+04   2.283784E+04
  1.920000E+00   2.332512E+04   2.332512E+04   2.332512E+04   2.290846E+04
  1.940000E+00   2.339740E+04   2.339740E+04   2.339740E+04   2.297927E+04
  1.960000E+00   2.346924E+04   2.346924E+04   2.346924E+04   2.304966E+04
  1.980000E+00   2.354117E+04   2.354117E+04   2.354117E+04   2.312017E+04
  2.000000E+00   2.361303E+04   2.361303E+04   2.361303E+04   2.319059E+04
